A = [fc(1) 0 cc(1) 0; 0 fc(2) cc(2) 0; 0 0 1 0];
M = A * [Rc_1 Tc_1; 0 0 0 1];